A=[[1,2/3,2,5/2,5/3,5],[3/2,1,3,10/3,3,9],[1/2,1/3,1,4/3,7/8,5/2],[2/5,3/10,3/4,1,5/6,12/5],[3/5,1/3,8/7,6/5,1,3],[1/5,1/9,2/5,5/12,1/3,1]]

B=[[1,2/5,3,7/3,1/2,1,2],[5/2,1,4/7,1,1,3,2/3],[1/3,7/4,1,1/2,2,1/2,1],[3/7,1,2,1,4,2,6],[2,1,1/2,1/4,1,1/2,3/4],[1,1/3,2,1/2,2,1,5/8],[1/2,3/2,1,1/6,4/3,8/5,1]]

C=[[1,2/3,2/15,1,8,12/5,1,1/2],[3/2,1,1,2,1,2/3,1/6,1],[15/2,1,1,5/2,7/8,2,1,1/5],[1,1/2,2/5,1,4/3,1,2/7,1],[1/8,1,8/7,3/4,1,1/5,2/7,1],[5/12,3/2,1/2,1,5,1,3,2],[1,6,1,7/2,7/2,1/3,1,3/11],[2,1,5,1,1,1/2,11/3,1]]

D=[[0,1,1,-1,-1,1,-1],[-1,0,0,1,1,-1,0],[-1,0,0,0,1,1,-1],[1,-1,0,0,1,0,1],[1,0,-1,-1,0,1,-1],[-1,1,-1,1,-1,0,0],[1,0,1,-1,1,0,0]]

E=[[0,1,0,0,-1],[-1,0,0,0,1],[0,0,0,1,0],[0,0,-1,0,0],[1,-1,0,0,0]]

F=[[0,-1,1,-1,1,-1,1,-1,1],[1,0,1,1,1,-1,-1,-1,-1],[-1,-1,0,-1,1,-1,1,1,1],[1,-1,1,0,-1,1,-1,1,-1],[-1,-1,-1,1,0,-1,1,1,1],[1,1,1,-1,1,0,-1,-1,-1],[-1,1,-1,1,-1,1,0,1,-1],[1,1,-1,-1,-1,1,-1,0,1],[-1,1,-1,1,-1,1,1,-1,0]]
